0 0 0   1.1 0 0   2.2 0 0   3.3 0 0      
4.4 0 0   5.5 0 0   6.6 0 0   7.7 0 0      
8.8 0 0   9.9 0 0   11.0 0 0   12.1 0 0      
13.2 0 0   14.3 0 0   15.4 0 0   16.5 0 0      
17.6 0 0   18.7 0 0   19.8 0 0   20.9 0 0      
c
c   ---Row 2 ---
c
0 1.1 0   1.1 1.1 0   2.2 1.1 0   3.3 1.1 0      
4.4 1.1 0   5.5 1.1 0   6.6 1.1 0   7.7 1.1 0      
8.8 1.1 0   9.9 1.1 0   11.0 1.1 0   12.1 1.1 0      
13.2 1.1 0   14.3 1.1 0   15.4 1.1 0   16.5 1.1 0      
17.6 1.1 0   18.7 1.1 0   19.8 1.1 0   20.9 1.1 0      
c
c   ---Row 3 ---
c
0 2.2 0   1.1 2.2 0   2.2 2.2 0   3.3 2.2 0      
4.4 2.2 0   5.5 2.2 0   6.6 2.2 0   7.7 2.2 0      
8.8 2.2 0   9.9 2.2 0   11.0 2.2 0   12.1 2.2 0      
13.2 2.2 0   14.3 2.2 0   15.4 2.2 0   16.5 2.2 0      
17.6 2.2 0   18.7 2.2 0   19.8 2.2 0   20.9 2.2 0      
c
c   ---Row 4 ---
c
0 3.3 0   1.1 3.3 0   2.2 3.3 0   3.3 3.3 0      
4.4 3.3 0   5.5 3.3 0   6.6 3.3 0   7.7 3.3 0      
8.8 3.3 0   9.9 3.3 0   11.0 3.3 0   12.1 3.3 0      
13.2 3.3 0   14.3 3.3 0   15.4 3.3 0   16.5 3.3 0      
17.6 3.3 0   18.7 3.3 0   19.8 3.3 0   20.9 3.3 0      
c
c   ---Row 5 ---
c
0 4.4 0   1.1 4.4 0   2.2 4.4 0   3.3 4.4 0      
4.4 4.4 0   5.5 4.4 0   6.6 4.4 0   7.7 4.4 0      
8.8 4.4 0   9.9 4.4 0   11.0 4.4 0   12.1 4.4 0      
13.2 4.4 0   14.3 4.4 0   15.4 4.4 0   16.5 4.4 0      
17.6 4.4 0   18.7 4.4 0   19.8 4.4 0   20.9 4.4 0      
c
c   ---Row 6 ---
c
0 5.5 0   1.1 5.5 0   2.2 5.5 0   3.3 5.5 0      
4.4 5.5 0   5.5 5.5 0   6.6 5.5 0   7.7 5.5 0      
8.8 5.5 0   9.9 5.5 0   11.0 5.5 0   12.1 5.5 0      
13.2 5.5 0   14.3 5.5 0   15.4 5.5 0   16.5 5.5 0      
17.6 5.5 0   18.7 5.5 0   19.8 5.5 0   20.9 5.5 0      
c
c   ---Row 7 ---
c
0 6.6 0   1.1 6.6 0   2.2 6.6 0   3.3 6.6 0      
4.4 6.6 0   5.5 6.6 0   6.6 6.6 0   7.7 6.6 0      
8.8 6.6 0   9.9 6.6 0   11.0 6.6 0   12.1 6.6 0      
13.2 6.6 0   14.3 6.6 0   15.4 6.6 0   16.5 6.6 0      
17.6 6.6 0   18.7 6.6 0   19.8 6.6 0   20.9 6.6 0      
c
c   ---Row 8 ---
c
0 7.7 0   1.1 7.7 0   2.2 7.7 0   3.3 7.7 0      
4.4 7.7 0   5.5 7.7 0   6.6 7.7 0   7.7 7.7 0      
8.8 7.7 0   9.9 7.7 0   11.0 7.7 0   12.1 7.7 0      
13.2 7.7 0   14.3 7.7 0   15.4 7.7 0   16.5 7.7 0      
17.6 7.7 0   18.7 7.7 0   19.8 7.7 0   20.9 7.7 0      
c
c   ---Row 9 ---
c
0 8.8 0   1.1 8.8 0   2.2 8.8 0   3.3 8.8 0      
4.4 8.8 0   5.5 8.8 0   6.6 8.8 0   7.7 8.8 0      
8.8 8.8 0   9.9 8.8 0   11.0 8.8 0   12.1 8.8 0      
13.2 8.8 0   14.3 8.8 0   15.4 8.8 0   16.5 8.8 0      
17.6 8.8 0   18.7 8.8 0   19.8 8.8 0   20.9 8.8 0      
c
c   ---Row 10 ---
c
0 9.9 0   1.1 9.9 0   2.2 9.9 0   3.3 9.9 0      
4.4 9.9 0   5.5 9.9 0   6.6 9.9 0   7.7 9.9 0      
8.8 9.9 0   9.9 9.9 0   11.0 9.9 0   12.1 9.9 0      
13.2 9.9 0   14.3 9.9 0   15.4 9.9 0   16.5 9.9 0      
17.6 9.9 0   18.7 9.9 0   19.8 9.9 0   20.9 9.9 0      
c
c   ---Row 11 ---
c
0 11.0 0   1.1 11.0 0   2.2 11.0 0   3.3 11.0 0      
4.4 11.0 0   5.5 11.0 0   6.6 11.0 0   7.7 11.0 0      
8.8 11.0 0   9.9 11.0 0   11.0 11.0 0   12.1 11.0 0      
13.2 11.0 0   14.3 11.0 0   15.4 11.0 0   16.5 11.0 0      
17.6 11.0 0   18.7 11.0 0   19.8 11.0 0   20.9 11.0 0      
c
c   ---Row 12 ---
c
0 12.1 0   1.1 12.1 0   2.2 12.1 0   3.3 12.1 0      
4.4 12.1 0   5.5 12.1 0   6.6 12.1 0   7.7 12.1 0      
8.8 12.1 0   9.9 12.1 0   11.0 12.1 0   12.1 12.1 0      
13.2 12.1 0   14.3 12.1 0   15.4 12.1 0   16.5 12.1 0      
17.6 12.1 0   18.7 12.1 0   19.8 12.1 0   20.9 12.1 0      
c
c   ---Row 13 ---
c
0 13.2 0   1.1 13.2 0   2.2 13.2 0   3.3 13.2 0      
4.4 13.2 0   5.5 13.2 0   6.6 13.2 0   7.7 13.2 0      
8.8 13.2 0   9.9 13.2 0   11.0 13.2 0   12.1 13.2 0      
13.2 13.2 0   14.3 13.2 0   15.4 13.2 0   16.5 13.2 0      
17.6 13.2 0   18.7 13.2 0   19.8 13.2 0   20.9 13.2 0      
c
c   ---Row 14 ---
c
0 14.3 0   1.1 14.3 0   2.2 14.3 0   3.3 14.3 0      
4.4 14.3 0   5.5 14.3 0   6.6 14.3 0   7.7 14.3 0      
8.8 14.3 0   9.9 14.3 0   11.0 14.3 0   12.1 14.3 0      
13.2 14.3 0   14.3 14.3 0   15.4 14.3 0   16.5 14.3 0      
17.6 14.3 0   18.7 14.3 0   19.8 14.3 0   20.9 14.3 0      
c
c   ---Row 15 ---
c
0 15.4 0   1.1 15.4 0   2.2 15.4 0   3.3 15.4 0      
4.4 15.4 0   5.5 15.4 0   6.6 15.4 0   7.7 15.4 0      
8.8 15.4 0   9.9 15.4 0   11.0 15.4 0   12.1 15.4 0      
13.2 15.4 0   14.3 15.4 0   15.4 15.4 0   16.5 15.4 0      
17.6 15.4 0   18.7 15.4 0   19.8 15.4 0   20.9 15.4 0      
c
c   ---Row 16 ---
c
0 16.5 0   1.1 16.5 0   2.2 16.5 0   3.3 16.5 0      
4.4 16.5 0   5.5 16.5 0   6.6 16.5 0   7.7 16.5 0      
8.8 16.5 0   9.9 16.5 0   11.0 16.5 0   12.1 16.5 0      
13.2 16.5 0   14.3 16.5 0   15.4 16.5 0   16.5 16.5 0      
17.6 16.5 0   18.7 16.5 0   19.8 16.5 0   20.9 16.5 0      
c
c   ---Row 17 ---
c
0 17.6 0   1.1 17.6 0   2.2 17.6 0   3.3 17.6 0      
4.4 17.6 0   5.5 17.6 0   6.6 17.6 0   7.7 17.6 0      
8.8 17.6 0   9.9 17.6 0   11.0 17.6 0   12.1 17.6 0      
13.2 17.6 0   14.3 17.6 0   15.4 17.6 0   16.5 17.6 0      
17.6 17.6 0   18.7 17.6 0   19.8 17.6 0   20.9 17.6 0      
c
c   ---Row 18 ---
c
0 18.7 0   1.1 18.7 0   2.2 18.7 0   3.3 18.7 0      
4.4 18.7 0   5.5 18.7 0   6.6 18.7 0   7.7 18.7 0      
8.8 18.7 0   9.9 18.7 0   11.0 18.7 0   12.1 18.7 0      
13.2 18.7 0   14.3 18.7 0   15.4 18.7 0   16.5 18.7 0      
17.6 18.7 0   18.7 18.7 0   19.8 18.7 0   20.9 18.7 0      
c
c   ---Row 19 ---
c
0 19.8 0   1.1 19.8 0   2.2 19.8 0   3.3 19.8 0      
4.4 19.8 0   5.5 19.8 0   6.6 19.8 0   7.7 19.8 0      
8.8 19.8 0   9.9 19.8 0   11.0 19.8 0   12.1 19.8 0      
13.2 19.8 0   14.3 19.8 0   15.4 19.8 0   16.5 19.8 0      
17.6 19.8 0   18.7 19.8 0   19.8 19.8 0   20.9 19.8 0      
c
c   ---Row 20 ---
c
0 20.9 0   1.1 20.9 0   2.2 20.9 0   3.3 20.9 0      
4.4 20.9 0   5.5 20.9 0   6.6 20.9 0   7.7 20.9 0      
8.8 20.9 0   9.9 20.9 0   11.0 20.9 0   12.1 20.9 0      
13.2 20.9 0   14.3 20.9 0   15.4 20.9 0   16.5 20.9 0      
17.6 20.9 0   18.7 20.9 0   19.8 20.9 0   20.9 20.9 0      
